0 2768 808 58 123 2930 755 89 144 2356 903 55 136 2070 737 50 136 1900 1115 65 139 1627 1050 62 166 
1 2930 882 82 160 2768 881 62 132 2932 836 84 143 1632 1122 58 184 2353 979 58 138 2069 818 49 136 1904 1190 59 143 
2 2770 954 62 138 2932 916 85 132 1632 1194 59 194 2930 963 82 155 2062 899 50 140 2350 1058 61 142 1907 1269 57 146 
3 2936 997 78 124 2780 1024 64 152 1631 1276 60 182 2929 1039 80 152 2348 1137 61 141 2059 985 56 133 1906 1350 61 145 
4 1633 1368 52 177 2933 1078 85 114 2780 1097 65 148 2929 1114 85 152 2341 1216 68 137 1907 1420 62 161 2054 1064 62 133 
5 1629 1443 56 182 2340 1296 70 137 2931 1184 82 158 2780 1175 69 149 1908 1499 63 164 2052 1142 60 134 
6 2942 1231 76 107 2340 1389 72 146 1628 1528 53 179 1911 1580 64 160 2935 1263 81 153 2050 1221 68 139 2789 1252 66 145 
7 1624 1615 60 175 2343 1465 74 145 2930 1302 114 215 1914 1666 62 173 2045 1296 75 144 2793 1327 72 146 
8 1617 1687 60 211 2932 1374 113 223 2045 1390 74 142 2342 1547 74 148 2805 1409 67 136 1914 1748 61 168 
9 1915 1834 61 169 2345 1632 72 142 2955 1484 74 157 2046 1465 75 144 2815 1487 61 136 
10 2974 1625 72 140 1610 1844 67 222 2343 1713 72 149 2962 1558 69 155 1914 1926 62 172 2045 1549 66 144 2826 1562 58 143 
